00100000000000000000000000111011
00110000000000000000000000111011
01000000000000000000000000111011
01010000000000000000000000111011
01100000000000000000000000111011
01110000000000000000000000111011
10000000000000000000000000111011
10010111010100110000000000111011
00000000000000111001001001111111
00000000000000000000000000001101
00000000000000000000000000001101
00000000000000000000000000001101
00000000000000000000000000001101
00000000000000000000000000001101
00110000000000000010000000111011
00110000100000000011010100001011
01110000000010100111001101110011
00110001111100000111000000001011
01110000000000000100001100001011
01000001111100000111000000001011
01110000000000000100001100001011
00100001111100000111000000001011
00000000000001110000000000011101
